
NuttShell (NSH)
nsh> [Kcmocka_driver_i2c_spi
[31443] 288, -165, -349 / -1606, -7038, -16350
[31446] 286, -162, -358 / -1594, -7018, -16316
[31449] 286, -162, -358 / -1594, -7018, -16316
[31452] 286, -162, -358 / -1594, -7018, -16316
[31455] 286, -147, -354 / -1608, -7026, -16358
[31458] 286, -147, -354 / -1608, -7026, -16358
[31461] 286, -162, -354 / -1556, -7032, -16366
[31464] 286, -162, -354 / -1556, -7032, -16366
[31467] 286, -162, -354 / -1556, -7032, -16366
[31470] 278, -174, -344 / -1578, -7052, -16370
[31473] 278, -174, -344 / -1578, -7052, -16370
[31476] 278, -174, -344 / -1578, -7052, -16370
[31479] 287, -162, -346 / -1586, -6996, -16304
[31482] 287, -162, -346 / -1586, -6996, -16304
[31485] 286, -149, -366 / -1616, -7014, -16308
[31488] 286, -149, -366 / -1616, -7014, -16308
[31491] 286, -149, -366 / -1616, -7014, -16308
[31494] 294, -163, -336 / -1598, -7034, -16376
[31497] 294, -163, -336 / -1598, -7034, -16376
[31500] 294, -163, -336 / -1598, -7034, -16376
[31503] 285, -149, -364 / -1556, -6996, -16362
[31506] 285, -149, -364 / -1556, -6996, -16362
[31509] 290, -162, -357 / -1632, -6966, -16426
[31512] 290, -162, -357 / -1632, -6966, -16426
[31515] 290, -162, -357 / -1632, -6966, -16426
[31518] 270, -166, -351 / -1592, -7008, -16388
[31521] 270, -166, -351 / -1592, -7008, -16388
[31524] 270, -166, -351 / -1592, -7008, -16388
[31527] 280, -170, -347 / -1506, -7004, -16380
[31530] 280, -170, -347 / -1506, -7004, -16380
[31533] 285, -148, -354 / -1572, -7016, -16310
[31536] 285, -148, -354 / -1572, -7016, -16310
[31539] 285, -148, -354 / -1572, -7016, -16310
[31542] 280, -154, -355 / -1534, -7018, -16374
[31545] 280, -154, -355 / -1534, -7018, -16374
[31548] 280, -154, -355 / -1534, -7018, -16374
[31551] 295, -162, -340 / -1572, -7050, -16420
[31554] 295, -162, -340 / -1572, -7050, -16420
[31557] 295, -162, -340 / -1572, -7050, -16420
[31560] 293, -138, -366 / -1546, -6998, -16286
[31563] 293, -138, -366 / -1546, -6998, -16286
[31566] 285, -158, -345 / -1592, -7052, -16248
[31569] 285, -158, -345 / -1592, -7052, -16248
[31572] 285, -158, -345 / -1592, -7052, -16248
[31575] 275, -169, -336 / -1568, -7034, -16314
[31578] 275, -169, -336 / -1568, -7034, -16314
[31581] 275, -169, -336 / -1568, -7034, -16314
[31584] 292, -142, -345 / -1580, -7050, -16378
[31587] 292, -142, -345 / -1580, -7050, -16378
[31590] 285, -153, -361 / -1598, -7024, -16360
[31593] 285, -153, -361 / -1598, -7024, -16360
[31596] 285, -153, -361 / -1598, -7024, -16360
[31599] 278, -161, -331 / -1608, -7020, -16346
[31602] 278, -161, -331 / -1608, -7020, -16346
[31605] 278, -161, -331 / -1608, -7020, -16346
[31608] 281, -153, -351 / -1598, -7034, -16368
[31611] 281, -153, -351 / -1598, -7034, -16368
[31614] 290, -156, -357 / -1634, -7036, -16326
[31617] 290, -156, -357 / -1634, -7036, -16326
[31620] 290, -156, -357 / -1634, -7036, -16326
[31623] 279, -159, -358 / -1596, -7038, -16308
[31628] 279, -159, -358 / -1596, -7038, -16308
[31631] 286, -158, -339 / -1614, -7042, -16324
[31634] 286, -158, -339 / -1614, -7042, -16324
[31637] 286, -158, -339 / -1614, -7042, -16324
[31640] 282, -150, -356 / -1504, -7020, -16352
[31643] 282, -150, -356 / -1504, -7020, -16352
[31646] 294, -164, -344 / -1582, -7074, -16282
[31649] 294, -164, -344 / -1582, -7074, -16282
[31652] 294, -164, -344 / -1582, -7074, -16282
[31655] 287, -156, -356 / -1602, -7062, -16374
[31658] 287, -156, -356 / -1602, -7062, -16374
[31661] 287, -156, -356 / -1602, -7062, -16374
[31664] 306, -152, -354 / -1632, -6986, -16336
[31667] 306, -152, -354 / -1632, -6986, -16336
[31670] 298, -143, -362 / -1616, -7026, -16318
[31673] 298, -143, -362 / -1616, -7026, -16318
[31676] 298, -143, -362 / -1616, -7026, -16318
[31679] 290, -165, -360 / -1500, -7002, -16396
[31682] 290, -165, -360 / -1500, -7002, -16396
[31685] 290, -165, -360 / -1500, -7002, -16396
[31688] 297, -163, -356 / -1590, -6972, -16366
[31691] 297, -163, -356 / -1590, -6972, -16366
[31694] 294, -150, -359 / -1574, -7036, -16332
[31697] 294, -150, -359 / -1574, -7036, -16332
[31700] 294, -150, -359 / -1574, -7036, -16332
[31703] 295, -161, -350 / -1600, -6986, -16322
[31706] 295, -161, -350 / -1600, -6986, -16322
[31709] 295, -161, -350 / -1600, -6986, -16322
[31712] 279, -162, -346 / -1572, -7032, -16332
[31715] 279, -162, -346 / -1572, -7032, -16332
[31718] 284, -144, -353 / -1564, -7048, -16282
[31721] 284, -144, -353 / -1564, -7048, -16282
[31724] 284, -144, -353 / -1564, -7048, -16282
[31727] 284, -150, -367 / -1550, -7002, -16322
[31730] 284, -150, -367 / -1550, -7002, -16322
[31733] 284, -150, -367 / -1550, -7002, -16322
[31736] 290, -159, -341 / -1538, -7034, -16398
[31739] 290, -159, -341 / -1538, -7034, -16398
[31742] 286, -151, -346 / -1550, -7034, -16362
nsh> 